S1:
 [-0.6581445411673014, -0.7079016004247992, -0.7609859266761708, -0.8159515164130218, -0.8702896158578656, -0.9203090898563644, -0.9614258219309944, -0.9890483294927354, -0.9998945608962048, -0.9931048725720492, -0.9995746794201397, -0.996719026379184, -0.9760602728489091, -0.9243362833930541, -0.825337206699301, -0.6697878407855204, -0.4708916338460176, -0.2639469238548495, -0.08154071095147625, 0.06376930632190139, 0.17454466101402397, 0.2582978613075844, 0.32222426294087864, 0.32222426294087864, 0.32222426294087864, 0.32222426294087864, 0.32222426294087864, 0.32222426294087864, 0.32222426294087864, 0.32222426294087864, 0.32222426294087864, 0.32222426294087864, 0.25829786130758436, 0.17454466101402383, 0.0637693063219013, -0.08154071095147625, -0.26394692385484964, -0.4708916338460179, -0.6697878407855207, -0.825337206699301, -0.9243362833930541, -0.9760602728489091, -0.9967190263791839, -0.9995746794201397, -0.9931048725720492] 

C1:
 [-0.780498462334562, -0.8380830849089935, -0.8982034293271914, -0.958475587915999, -1, -1, -1, -1, -1, -1, -1, -1, -1, -1, -1, -0.9762088895305489, -0.7847871687957526, -0.5511876550667076, -0.32248338358528367, -0.12880997549513892, 0.02321993981510921, 0.13921170758984672, 0.22752366526797776, 0.22752366526797776, 0.22752366526797776, 0.22752366526797776, 0.22752366526797776, 0.22752366526797776, 0.22752366526797776, 0.22752366526797776, 0.22752366526797776, 0.22752366526797776, 0.13921170758984666, 0.023219939815109017, -0.128809975495139, -0.32248338358528367, -0.5511876550667077, -0.7847871687957528, -0.9762088895305492, -1, -1, -1, -1, -1, -1] 

S5 size:  [0.0021418778982468132, 0.003095750191727786, 0.004845416527130094, 0.00775862884401903, 0.020691870880276002, 0.053875487610953655, 0.08115290117238833, 0.09947805797224933, 0.10667359917037894, 0.10216922523241426, 0.10646138533739641, 0.10456690527889534, 0.0908616000351267, 0.05654718397516945, -0.009130184359312881, -0.09907999637227974, -0.12447170859179431, -0.13172378113306618, -0.12542170889548535, -0.11401014776223131, -0.10286950952823234, -0.09386336713262593, -0.08711238089525107, -0.08711238089525107, -0.08711238089525107, -0.08711238089525107, -0.08711238089525107, -0.08711238089525107, -0.08711238089525107, -0.08711238089525107, -0.08711238089525107, -0.08711238089525107, -0.09386336713262593, -0.10286950952823236, -0.11401014776223131, -0.12542170889548535, -0.13172378113306615, -0.12447170859179423, -0.09907999637227974, -0.009130184359312881, 0.05654718397516945, 0.0908616000351267, 0.10456690527889534, 0.10646138533739641, 0.10216922523241426]

C5 size:  [0.9999977061769036, 0.9999952081538943, 0.999988260900436, 0.9999699013862672, 0.9997859003204006, 0.9985476612734527, 0.9967016638048241, 0.9950397559806693, 0.994294092932286, 0.9947670327345033, 0.994316837548295, 0.994517854198905, 0.9958635296259506, 0.9983999278768395, 0.9999583189981295, 0.995079471358378, 0.9922231572384508, 0.9912864598510402, 0.9921035202728272, 0.9934795851990287, 0.9946948597481646, 0.9955850884331916, 0.9961984908113245, 0.9961984908113245, 0.9961984908113245, 0.9961984908113245, 0.9961984908113245, 0.9961984908113245, 0.9961984908113245, 0.9961984908113245, 0.9961984908113245, 0.9961984908113245, 0.9955850884331916, 0.9946948597481646, 0.9934795851990287, 0.9921035202728272, 0.9912864598510402, 0.9922231572384508, 0.995079471358378, 0.9999583189981295, 0.9983999278768395, 0.9958635296259506, 0.994517854198905, 0.994316837548295, 0.9947670327345033]


S234 size:  [0.500001146914179, 0.5000023959345338, 0.500005869618686, 0.5000150497598432, 0.5001070727640441, 0.5007272255410898, 0.501654625609124, 0.5024924853451921, 0.5028693256393019, 0.5026302476325094, 0.5028578226964948, 0.502756182695941, 0.5020768259158979, 0.5008013182285395, 0.5000208413696243, 0.5024724299833584, 0.5039188980345881, 0.5043950666643167, 0.503979665209232, 0.5032816048251585, 0.5026667174359273, 0.5022172447227772, 0.5019080079039165, 0.5019080079039165, 0.5019080079039165, 0.5019080079039165, 0.5019080079039165, 0.5019080079039165, 0.5019080079039165, 0.5019080079039165, 0.5019080079039165, 0.5019080079039165, 0.5022172447227772, 0.5026667174359273, 0.5032816048251585, 0.503979665209232, 0.5043950666643167, 0.5039188980345881, 0.5024724299833584, 0.5000208413696243, 0.5008013182285395, 0.5020768259158979, 0.502756182695941, 0.5028578226964948, 0.5026302476325094]

C234 size:  [-0.8841651790359562, -0.950068427356267, -1, -1, -1, -1, -1, -1, -1, -1, -1, -1, -1, -1, -1, -1, -0.7889053810305716, -0.5171028140379073, -0.2613953781460627, -0.05028371990971686, 0.113168653658272, 0.2371889302887942, 0.33157556974415736, 0.33157556974415736, 0.33157556974415736, 0.33157556974415736, 0.33157556974415736, 0.33157556974415736, 0.33157556974415736, 0.33157556974415736, 0.33157556974415736, 0.33157556974415736, 0.23718893028879412, 0.11316865365827179, -0.05028371990971698, -0.2613953781460627, -0.5171028140379074, -0.788905381030572, -1, -1, -1, -1, -1, -1, -1]

xr size:  [0.3179131216681899, 0.13249930950684402, -0.04998880720193771, -0.20329042932521407, -0.3434686288951259, -0.4545797400062371, -0.5656908511173482, -0.6768019622284591, -0.7879130733395703, -0.8990241844506814, -0.8221011075276046, -0.7451780306045277, -0.6682549536814507, -0.5913318767583737, -0.5144087998352969, -0.4208319455836041, -0.09394862028784468, 0.21684594968536897, 0.4342765416583429, 0.5656726534695251, 0.6452902231743334, 0.7009391054214031, 0.7481669132902624, 0.7481669132902624, 0.7481669132902624, 0.7481669132902624, 0.7481669132902624, 0.7481669132902624, 0.7481669132902624, 0.7481669132902624, 0.7481669132902624, 0.7481669132902624, 0.7009391054214031, 0.6452902231743332, 0.5656726534695251, 0.4342765416583429, 0.2168459496853689, -0.09394862028784506, -0.4208319455836044, -0.5144087998352969, -0.5913318767583737, -0.6682549536814508, -0.7451780306045277, -0.8221011075276046, -0.8990241844506814]


yr size:  [0.4256629399811673, 0.3622104080650728, 0.30030873155875465, 0.261832818742959, 0.22379614913156837, 0.18878251733261914, 0.1600008048803782, 0.14066504958715947, 0.13307268760473084, 0.1378254694316398, 0.05637352771489962, -0.018550592079508432, -0.08101254153139298, -0.12172882583537131, -0.12935254907282107, -0.09739106985625168, 0.034495081094155, 0.12207287689006446, 0.12577113244295995, 0.0660127015578541, -0.026982054924909654, -0.13296381823844944, -0.2417903052669349, -0.2417903052669349, -0.2417903052669349, -0.2417903052669349, -0.2417903052669349, -0.2417903052669349, -0.2417903052669349, -0.2417903052669349, -0.2417903052669349, -0.2417903052669349, -0.13296381823844935, -0.026982054924909515, 0.06601270155785416, 0.12577113244295995, 0.12207287689006441, 0.034495081094154834, -0.09739106985625168, -0.12935254907282107, -0.12172882583537131, -0.08101254153139287, -0.01855059207950821, 0.05637352771489962, 0.1378254694316398]


zr size:  [0.4999991971600747, 0.49999832284582635, 0.4999958912669198, 0.4999894651681097, 0.4999250490651691, 0.4994909421212371, 0.4988417620736132, 0.49825526025836553, 0.4979914720524886, 0.4981588266572434, 0.49799952411245363, 0.4980706721128413, 0.49854622185887154, 0.49943907724002246, 0.49998541104126304, 0.4982692990116492, 0.4972567713757884, 0.49692345333497834, 0.4972142343535376, 0.4977028766223891, 0.4981332977948508, 0.49844792869405596, 0.4986643944672584, 0.38755328335614725, 0.2764421722450362, 0.16533106113392518, 0.05421995002281402, -0.05689116108829714, -0.1680022721994082, -0.27911338331051927, -0.39022449442163043, -0.5013356055327416, -0.501552071305944, -0.5018667022051491, -0.5022971233776109, -0.5027857656464624, -0.5030765466650217, -0.5027432286242116, -0.5017307009883508, -0.500014588958737, -0.5005609227599775, -0.5014537781411285, -0.5019293278871587, -0.5020004758875464, -0.5018411733427566]

a size:  [-0.8217831842846453, -0.6724948949052283, -0.5875486308364215, -0.6160433888346868, -0.6975618384619139, -0.7819559926742055, -0.8793154551712208, -0.9839938247174829, -1.0927896009192812, -1.204013464640469, -1.11794144388528, -1.0386707126738832, -0.9656783870647849, -0.8953917160238616, -0.8209112163311778, -0.7202196412727835, -0.30403160931663115, -0.5278682803006298, -0.7409245880995015, -0.8606632034030945, -0.9380654381898081, -1.0063957859935917, -1.079882223071764, -1.079882223071764, -1.079882223071764, -1.079882223071764, -1.079882223071764, -1.079882223071764, -1.079882223071764, -1.079882223071764, -1.079882223071764, -1.079882223071764, -1.0063957859935917, -0.9380654381898079, -0.8606632034030945, -0.7409245880995015, -0.5278682803006297, -0.30403160931663886, -0.7202196412727837, -0.8209112163311778, -0.8953917160238616, -0.9656783870647849, -1.0386707126738832, -1.11794144388528, -1.204013464640469]


b size:  [0.781386166305721, 0.6884365443842637, 0.6438372020339812, 0.658124550919174, 0.7027156554838236, 0.7545609898917763, 0.821682822204866, 0.9027092297738636, 0.9967435908809695, 1.103254433171695, 1.019915249155223, 0.948713018243921, 0.8879512844057501, 0.8338190487493837, 0.7807835984801812, 0.7154119275052738, 0.5373747983928057, 0.6148240999257936, 0.7275796833725794, 0.807687209620949, 0.8658764786242544, 0.9213678398687725, 0.9853382475065886, 0.9443096513110607, 0.913569120959154, 0.8931166564508688, 0.8829522577862048, 0.8830759249651623, 0.8934876579877414, 0.9141874568539415, 0.9451753215637636, 0.9864512521172066, 0.9226612326237259, 0.8674320637952118, 0.8096014791022914, 0.7299011547446314, 0.6173878888133115, 0.5396608222463174, 0.7168541783288996, 0.7807957559457952, 0.8342864843826983, 0.8891627661900237, 0.9503207914832198, 1.021582312394845, 1.1047887442906588]


S2 size:  [0.9204782430850426, 0.9477314102931853, 0.9604422959249435, 0.9563914330899944, 0.9435783180864649, 0.9282123922163131, 0.9077669334468793, 0.8823408239970995, 0.8517390652541946, 0.8153542452319357, 0.8439973130826971, 0.8675279590398666, 0.8871326156589376, 0.904345959377929, 0.9206518701769254, 0.9391081091626623, 0.9885933194546392, 0.9671254442831669, 0.9350568676755446, 0.9114714792575406, 0.8938330381342, 0.8765019281799188, 0.8558381953837693, 0.8125955619661511, 0.7583392049424227, 0.6929833269928669, 0.6174148937058228, 0.5334147590252414, 0.44332070574574267, 0.3495635493297365, 0.25425861457209786, 0.15897182805344606, 0.14557530246917336, 0.1258744104459792, 0.0940598846921432, 0.021581490971579784, -0.1989116233555562, -0.5814012555330829, 0.006675721402042221, 0.07553791550298808, 0.1110163380420223, 0.1349670669778392, 0.15198159503262967, 0.16239065539434974, 0.16488366844881272]



C2 size:  [-0.390793812651983, -0.31906923064389964, -0.27847907676955436, -0.29208804616428025, -0.3311494490968059, -0.37205074242106984, -0.41947490334994914, -0.4706109543010228, -0.5239661866188607, -0.5789623949638356, -0.536347401885371, -0.49738841993368116, -0.4615145959058407, -0.42680017075537013, -0.3903845974673307, -0.34362182600197155, -0.1506095904305487, -0.25429977392850167, -0.35449774923516697, -0.4113632731541195, -0.448399933028302, -0.4813983484567478, -0.5172436401950758, -0.5828279786291279, -0.6518601462332962, -0.7209536105117287, -0.7866376859966903, -0.8458538259380539, -0.8963630692175445, -0.9369126560037477, -0.967136265950087, -0.987283119416789, -0.9893471743078912, -0.9920461848093953, -0.9955665412676847, -0.9997670925007703, -0.9800174315256119, -0.8136169738055831, -0.9999777171236178, -0.997142930236916, -0.9938185813757657, -0.9908500849429239, -0.9883833238027329, -0.9867265452193902, -0.986313021245721]


S3 size:  [0.8014813558372086, 0.6825863642426307, 0.607240231113582, 0.6330538192993517, 0.7037918881565296, 0.7714075238845718, 0.8413741347721124, 0.9053336265622678, 0.9569155723234822, 0.9904032319388081, 0.9663411770358591, 0.9333447126613496, 0.8951406218292944, 0.8522617099981475, 0.8008383473366174, 0.7216398559005563, 0.3223885417110571, 0.5487818903798322, 0.7379218536658527, 0.8281903982324932, 0.8787299188792965, 0.9173654818150325, 0.9518192377011908, 0.9309008645210166, 0.9124505595014257, 0.8987776432149792, 0.8915484456455117, 0.8916381743772304, 0.8990359737123413, 0.9128461771981469, 0.9313851690806573, 0.9523300451274392, 0.918164993520749, 0.8799334017105463, 0.8300344164008876, 0.740941314828326, 0.5543209265298931, 0.33182294985148836, 0.7236107237979708, 0.8008513349860027, 0.8526712222508523, 0.8960004260173026, 0.9342248700529094, 0.9669720557657783, 0.9907066296812531]


C3 size:  [-0.5980197624203986, -0.730804936593909, -0.7945182828085983, -0.77410778440118, -0.7104062064516805, -0.6363414430117481, -0.5404531111359057, -0.42470110032305197, -0.2903662987414721, -0.13820795261186436, -0.2572639297782528, -0.3589814025086843, -0.44578387942035697, -0.5231156446437375, -0.5988805735997411, -0.6922686749924659, -0.9466074308674205, -0.8359655715345806, -0.6748861666106009, -0.5604468433986443, -0.47731931625106505, -0.3980459430446107, -0.3066596464191591, -0.3652719266984847, -0.4091869700583514, -0.4384047764987588, -0.4529253460197074, -0.45274867862119667, -0.43787477430322647, -0.40830363306579776, -0.3640352549089091, -0.3050696398325619, -0.39619823910896296, -0.47509705172112604, -0.5577121727110123, -0.6715697789362409, -0.8323030159809836, -0.9433416825052608, -0.6902083166730005, -0.5988632057917211, -0.5224478794532882, -0.444053191157109, -0.35668458359540023, -0.25488241086450697, -0.13601607958477313]


S23 size:  [-0.8636781350599664, -0.9103990992942802, -0.9321926626328749, -0.9252575064855479, -0.9033841894836983, -0.8776627550547694, -0.8435407972323457, -0.8007910407687912, -0.7487077232179212, -0.6860946680301134, -0.7354246451239754, -0.7756612553357123, -0.8085898813312196, -0.8368229628764178, -0.8639954759586393, -0.898086331405065, -0.9843645885282554, -0.94803868543546, -0.8926485812244513, -0.8515184264095136, -0.8206662113802704, -0.7905062644597808, -0.7547734857046638, -0.8393734157189058, -0.9050926766941015, -0.951784187510736, -0.980968460605962, -0.9956983884551242, -0.9999815987061421, -0.9979852035802901, -0.993335474154497, -0.9887168559955385, -0.9660606203842173, -0.9327371353433201, -0.8788128357259753, -0.7552622211605116, -0.37768942662622035, 0.2784832543078397, -0.728202238101145, -0.8438001250890325, -0.9054007548720062, -0.947734655020765, -0.9775817741804491, -0.9955275176582373, -0.9995736792590455]

C23 size:  [-0.5040437272889511, -0.4137311687607839, -0.36196248387565183, -0.3793396191965007, -0.42883214220820975, -0.47927871681274525, -0.5370651016446883, -0.598943827937508, -0.6629002528237835, -0.7275122724055233, -0.6776065166040497, -0.6311494410763798, -0.5883726742539659, -0.5474735873105965, -0.5034995705291158, -0.4398192143863109, -0.1761430011428182, -0.31815507369489693, -0.4507532700247159, -0.5243246794545017, -0.5714078836512082, -0.612453954064992, -0.6559855069109614, -0.5435552124525863, -0.42521435370258354, -0.3067684149395565, -0.19416714267962243, -0.09265375992299914, -0.006066485729586521, 0.06344709161819047, 0.11525899438334328, 0.1497964574691183, 0.2583154616798253, 0.360557119402095, 0.4771666373116102, 0.6554227470020327, 0.925932339328721, 0.960441084642944, 0.6853623132507967, 0.536657571361602, 0.42455797375293897, 0.3190595926667483, 0.21055610841342318, 0.09447201482569755, -0.029196913065148475]

S4 size:  [-1, -1, -1, -1, -1, -1, -1, -1, -1, -1, -1, -1, -1, -1, -1, -1, -0.8653323078182793, -0.6507093216614028, -0.46050469555973467, -0.30670048017683726, -0.19435403494722303, -0.12008560207628458, -0.07897993043721396, 0.005501004677227916, 0.08668813074709608, 0.16161886021719732, 0.227811132443746, 0.28364559637758685, 0.3285246505571481, 0.36275211583475686, 0.38721518805381255, 0.40301839640176157, 0.3588693645771953, 0.2867966694818816, 0.19595921251050247, 0.13289768270491248, 0.2717314386815746, 0.7036813508507769, -0.38382657114300156, -0.575460154729425, -0.6927815619520967, -0.7875422274566247, -0.8717233888712037, -0.9480215259772361, -1]

C4 size:  [0.013817854285703757, -0.06212881005095339, -0.10413931905625717, -0.08330305894953899, -0.02295668037580112, 0.03980908051342141, 0.11389895882307399, 0.19655234761943507, 0.2863981049482504, 0.38266033951420303, 0.30779248079966504, 0.24118094927865552, 0.18239843316747467, 0.1283915443781743, 0.07148382570072787, -0.01144440688963183, -0.3570797572829858, -0.313667152032501, -0.33205191164631004, -0.40218856485813137, -0.47718705146762913, -0.5422731762889039, -0.5963356248266349, -0.6015178682273548, -0.5952639539202879, -0.5794250174710568, -0.5567370068389009, -0.5304707178580582, -0.5039102706093059, -0.4798592598946568, -0.4603459622823803, -0.4465760618427649, -0.42390273497164466, -0.42805215028397714, -0.4662840478459558, -0.551961278163783, -0.6693069017971242, -0.617364165205765, -1, -0.9585752198564143, -0.8779838653179544, -0.7948952000700724, -0.7020413894735112, -0.595080814789765, -0.4732190528677641]




