S1:
 [-0.89517082 -0.87246016 -0.84896179 -0.82502168 -0.80093765 -0.77695828
 -0.75328492 -0.7300757  -0.70745049 -0.68549642 -0.68638687 -0.68720684
 -0.68796439 -0.68866638 -0.68931871 -0.68992646 -0.69049406 -0.69102535
 -0.69152372 -0.69199213 -0.6924332  -0.69284926 -0.69324237 -0.68351318
 -0.673402   -0.66289441 -0.65197583 -0.64063157 -0.6288469  -0.6166071
 -0.60389762 -0.59070415 -0.57701273 -0.56280992 -0.54808297 -0.5328199
 -0.51700978 -0.50064289 -0.48371089 -0.46620712 -0.44812674 -0.42946705
 -0.41022766 -0.39041077 -0.37002139 -0.34906754 -0.32756045 -0.30551479
 -0.28294873 -0.2598841  -0.23634641 -0.21236491 -0.18797246 -0.1632055
 -0.13810382 -0.11271032 -0.08707073 -0.06123324 -0.03524806 -0.00916699
  0.01695712  0.04307088  0.0691209   0.09505436  0.09867779  0.10258747
  0.10681856  0.11141226  0.11641703  0.12189037  0.12790095  0.13453145
  0.14188234  0.15007685  0.15926776  0.16964672  0.18145729  0.19501353
  0.21072703  0.2291471   0.25102191  0.27739425  0.30975493  0.35029536
  0.40232898  0.47098154  0.5641605   0.69273442  0.86104333  0.99779839
  0.82867158  0.48335376  0.29841546] 

C1:
 [-0.96099638 -0.9379474  -0.91377491 -0.88888224 -0.86362237 -0.83829466
 -0.81314574 -0.78837286 -0.76412892 -0.74052831 -0.7391839  -0.73794345
 -0.73679533 -0.73572963 -0.73473776 -0.73381232 -0.73294685 -0.7321357
 -0.73137393 -0.73065714 -0.72998148 -0.7293435  -0.72874014 -0.71947724
 -0.70983177 -0.69978827 -0.68933099 -0.67844394 -0.66711096 -0.65531581
 -0.64304226 -0.63027418 -0.61699569 -0.60319124 -0.58884585 -0.57394518
 -0.55847582 -0.54242538 -0.52578283 -0.50853864 -0.49068506 -0.47221639
 -0.45312924 -0.43342278 -0.41309899 -0.39216299 -0.37062318 -0.34849155
 -0.32578378 -0.30251949 -0.27872227 -0.25441976 -0.22964364 -0.20442959
 -0.17881708 -0.15284924 -0.12657252 -0.10003637 -0.07329277 -0.04639585
 -0.01940127  0.00763429  0.03465372  0.06160007  0.06403461  0.06666873
  0.06952791  0.07264216  0.07604703  0.07978498  0.0839071   0.08847544
  0.09356609  0.09927332  0.10571537  0.11304246  0.12144831  0.13118689
  0.14259751  0.15614327  0.17247211  0.19251678  0.21766573  0.25006817
  0.29320766  0.35303927  0.4403514   0.57565021  0.79650539  1.
  1.          1.          0.84067517] 
Uwazac na zasieg a podane punkty w przestrzeni,
gdy zasieg < odległość punktu w przestrzeni od 0 wtedy wyrzucic błąd

